gene	LM_slope	Padj	LMM_intercept	LMM_slope	Zrobust
asnB.Rv2201	-0.00892317837050599	1.12754472547678e-07	0.00785577504044156	-0.00876009614211808	-15.3196425009525
thyA.Rv2764c	-0.00831387385593819	3.88521846499766e-09	0.00688360178438153	-0.00816146341715274	-14.2837068786108
dapB.Rv2773c	-0.00473972353671543	6.08164238763777e-06	0.00438705207197364	-0.00465332736737969	-8.21286753017464
gyrA.Rv0006	-0.00263235015694762	3.10134641863066e-11	-0.00725522334582612	-0.00257404723699693	-4.61466738831706
iscS.Rv3025c	-0.00237218237791416	0.00582291652461663	0.0151003975679879	-0.00234268352934161	-4.21429183836516
embC.Rv3793	-0.00236663887313037	7.2107391873708e-07	-0.00186468847546546	-0.00231918134093373	-4.17362123490605
kasB.Rv2246	-0.00233216128886623	0.000899829469995859	0.00681560748801345	-0.00229460937297983	-4.13109937491926
dnaN.Rv0002	-0.00209340670343768	4.61526128984063e-10	-0.0034684136582817	-0.00204949125705584	-3.70692178258725
Rv1836c.Rv1836c	-0.0020347786729325	1.01838212797798e-06	0.00527365956614926	-0.00200129864591191	-3.62352433280608
nrdF2.Rv3048c	-0.0017100021456742	9.16839126839894e-09	-0.00231952098217459	-0.00167467671872622	-3.05830416474868
moxR1.Rv1479	-0.00161174751555306	1.12259853283395e-06	-0.00440928154584892	-0.00157608465310074	-2.88769031655387
nrdH.Rv3053c	-0.00153849225946223	1.60400808544441e-08	-0.00240448566977434	-0.00150637170049275	-2.76705185505075
rpoB.Rv0667	-0.00140886877370339	1.05944169225005e-07	0.00242936321973138	-0.0013843860656456	-2.55595536920552
proB.Rv2439c	-0.00138404952181837	1.60400808544441e-08	-0.00316859189469621	-0.00135408272669562	-2.50351535551266
Rv2507.Rv2507	-0.00136566773312392	1.05944169225005e-07	-0.00136134303546044	-0.00133797856122165	-2.47564705164814
murA.Rv1315	-0.00135313997273722	1.34379731861637e-07	-0.00394249660344557	-0.0013229429759914	-2.44962792891529
manB.Rv3264c	-0.00110185251253395	3.83519040090946e-07	-0.00331278190608665	-0.00107715423051719	-2.02428981025136
dnaE1.Rv1547	-0.00108604275195691	3.1415248576312e-07	-0.00517105737362646	-0.00105966945798369	-1.99403236196862
dapE.Rv1202	-0.000999859528111832	3.38867207001364e-06	-0.00384729327967812	-0.000976551738316764	-1.85019691318696
murG.Rv2153c	-0.000890588920658319	3.7718706943105e-06	-0.000188623466131964	-0.000873276543241316	-1.67147889624403
Rv3267.Rv3267	-0.000799501777098953	2.61785647591811e-06	-0.00140107563699185	-0.000782648447990764	-1.5146467212899
Rv2017.Rv2017	-0.00079688810494996	7.2107391873708e-07	-0.00476952542120524	-0.000776498115716556	-1.504003553908
Rv3644c.Rv3644c	-0.00078414552270638	6.35061655250347e-07	-0.00511201143883091	-0.000763635671146038	-1.48174505722831
glcB.Rv1837c	-0.000731076044809477	0.000112975227870637	-0.00339204619700664	-0.000713417352313586	-1.39484211456733
tpi.Rv1438	-0.000689199651364822	6.35046473059322e-07	-0.00443628093278878	-0.000671233611375057	-1.32184303165821
fba.Rv0363c	-0.000683561568781354	6.77190880664431e-06	-0.00251814022719493	-0.000667746380742146	-1.31580836919273
pstP.Rv0018c	-0.000626811189611683	1.38744209777787e-06	0.00136059893969981	-0.000616216645054347	-1.22663601595739
secY.Rv0732	-0.000629967636698154	4.34023881513055e-06	-0.00499030910985757	-0.00061254970942263	-1.22029037348361
mprB.Rv0982	-0.000562000625044172	2.17227024021554e-05	-0.00278044026297651	-0.000548241765447989	-1.10900529469554
prfA.Rv1299	-0.000556881860093072	8.98762754926678e-07	-0.00309212363423807	-0.00054288945636815	-1.09974310870678
gyrB.Rv0005	-0.000541006867704768	0.00107473604829695	-0.00254537667604944	-0.000527901682594101	-1.07380672383401
infB.Rv2839c	-0.000541898608804048	1.80405201571066e-06	-0.00353544672263797	-0.000527722018433229	-1.07349581449587
murD.Rv2155c	-0.000543081095186336	6.13636223632709e-06	-0.00521770721504448	-0.000527090437400363	-1.07240286173359
atpF.Rv1306	-0.000513785296598258	2.97216024684813e-07	-0.00401424468547339	-0.000499639021583555	-1.02489810908247
folB.Rv3607c	-0.000474893048630941	2.07617036383635e-06	-0.00351471590838393	-0.0004620259591757	-0.959808598287823
metA.Rv3341	-0.000456056419873135	0.00124586552467784	0.00107031590031189	-0.000448433602384906	-0.936286986448147
Rv2747.Rv2747	-0.000453856342186461	3.41783702545467e-07	-0.00217342185816368	-0.000442821716921628	-0.926575602794258
dxr.Rv2870c	-0.000422827619368063	3.38867207001364e-06	-0.00516311399513548	-0.000409205611054344	-0.868402836588824
mshC.Rv2130c	-0.000412636660226286	0.0429734618674486	0.00229670436449961	-0.0004071540118631	-0.864852538390375
ndhA.Rv0392c	-0.000391505092156679	9.38387706756525e-05	-0.00334121273564773	-0.000380424949279794	-0.81859782005126
pyrB.Rv1380	-0.00038785141919614	1.05944169225005e-07	-0.00532300832383567	-0.000374731170907539	-0.80874472048695
proC.Rv0500	-0.000356918151974489	1.33602625498499e-06	-0.0050474110074125	-0.000344685715249295	-0.756750974559235
ppm1.Rv2051c	-0.000323638535303428	1.49682888086055e-06	-0.00481591764552366	-0.000312292028337535	-0.700693607810999
canB.Rv3588c	-0.000319405708160101	1.49502274173372e-06	-0.00544205783197622	-0.000307473786994209	-0.692355627549596
fum.Rv1098c	-0.000300228500481978	3.70921826013305e-05	-0.00437131117396994	-0.000289805224461452	-0.661780130153734
dnaK.Rv0350	-0.000299102804440726	0.000175003550082571	-0.00391751627982063	-0.000289184378659657	-0.660705754739162
eno.Rv1023	-0.000225345424058308	0.000710995480379694	-0.00459817352577102	-0.000216119356852958	-0.534266528014433
serC.Rv0884c	-0.000186969872227855	0.000236985124541068	-0.00384053727946713	-0.000179287907497434	-0.470529600815753
gatB.Rv3009c	-0.000166420211000088	0.00142095129445953	-0.00397976460243897	-0.000158984826040328	-0.435395060975922
trmD.Rv2906c	-0.000163457696623661	0.00218632552094513	-0.00205113444685873	-0.000158132925650108	-0.4339208449431
Rv2190c.Rv2190c	-0.000154503133217772	0.0566980155826058	-0.0016338457712591	-0.000149794760636342	-0.419491626822382
topA.Rv3646c	-0.000151987476851639	0.00519870179090886	-0.000454808534036172	-0.000148582931833204	-0.417394553653816
murC.Rv2152c	-0.000153828633844919	0.00271875725067019	-0.00583531883325301	-0.000144659301363061	-0.410604700036707
Rv1797.Rv1797	-0.000143035570220981	0.00120213817798683	-0.00109927973782764	-0.000139116762354792	-0.401013320619189
aroG.Rv2178c	-0.000145896713357124	0.000599378990579647	-0.00563244039693306	-0.000137095816725694	-0.397516068496664
proS.Rv2845c	-0.000142784350458891	0.000880053529508267	-0.00542846548170722	-0.000134260455647822	-0.392609468138424
manA.Rv3255c	-0.00013073264596474	0.137228583658415	-0.00156805508575972	-0.000126551049687162	-0.379268319336036
gcvH.Rv1826	-0.000108960362763875	0.0015942788232597	-0.00416786426514762	-0.000102428697935226	-0.337524521457404
lysA.Rv1293	-0.000100848765444376	0.0015942788232597	-0.00575413321521424	-9.27838232437008e-05	-0.320834038546447
kasA.Rv2245	-8.67657891508785e-05	0.0119680853508874	-0.00436239889295313	-8.04534152394877e-05	-0.299496232648329
trpS.Rv3336c	-6.84503790799658e-05	0.143481291367201	-0.00415948106947736	-6.27059883799342e-05	-0.268784260312068
alaS.Rv2555c	-6.62296923772865e-05	0.00614482703192288	-0.00592809267765702	-5.86446712690769e-05	-0.261756139574087
argG.Rv1658	-6.28426596002502e-05	0.0118882181869565	-0.00595909709497172	-5.52897010646242e-05	-0.255950354153838
efpA.Rv2846c	-4.96545826457243e-05	0.71875970510594	-0.00104255497235215	-4.75903736617331e-05	-0.242626646324152
Rv3671c.Rv3671	-4.26894789706633e-05	0.327835673264153	-0.00104680123356382	-4.07545738984358e-05	-0.230797275515189
argC.Rv1652	-4.44318164028323e-05	0.000310445262806003	-0.00611913223445045	-3.7062185886646e-05	-0.224407587625771
leuS.Rv0041	-3.94452861574109e-05	0.0822093766142298	-0.00559043600315636	-3.27344452017553e-05	-0.216918420139988
purD.Rv0772	-2.75334222334853e-05	0.421632968567672	-0.00341257630889219	-2.33705364686325e-05	-0.200714149614082
hemZ.Rv1485	-6.81209890804519e-06	0.843107300102891	-0.00494506142693772	-1.41548693484757e-06	-0.162720874348948
grcC1.Rv0562	-7.28336276077922e-06	0.798743323986435	-0.00569324316933496	-1.08099812176847e-06	-0.16214204051262
glgB.Rv1326c	-2.94425190652312e-06	0.913056843745312	-0.00482172813558081	2.24671345686075e-06	-0.156383426221394
dlat.Rv2215	5.78088923758707e-06	0.586962343366961	-0.00608006013151904	1.21441413375365e-05	-0.139255899302875
Rv2235.Rv2235	1.15554033257193e-05	0.573072535758016	-0.00543176437990201	1.71173707604608e-05	-0.130649711731716
fmt.Rv1406	2.03897971587746e-05	0.611659738162273	-0.00253126927933295	2.26934440031259e-05	-0.121000301226806
lipA.Rv2218	3.82047534622978e-05	0.282716181140089	-0.00327898170360009	4.0962306980811e-05	-0.0893859822144941
Rv0282.Rv0282	4.66008962457568e-05	0.115363508762396	-0.00508688299375159	5.11222641529879e-05	-0.071804147615101
ftsW.Rv2154c	4.92638929799973e-05	0.341018189635526	-0.00302545030178286	5.1538987569206e-05	-0.0710830065656383
hemC.Rv0510	5.04385483678619e-05	0.0425611472645283	-0.00573192560291085	5.55730514148217e-05	-0.0641020476801779
hemY.Rv2677c	7.44841970883399e-05	0.000939443036094928	-0.00574076078407572	7.9166101972915e-05	-0.0232742070133423
parA.Rv3918c	0.000103031650165773	0.00288609440205996	-0.00470758657320539	0.000106064881521222	0.0232742070133423
hemB.Rv0512	0.000103982282423545	0.00612149987810252	-0.00490184762305124	0.000107204106598908	0.0252456392298285
nadE.Rv2438c	0.000136239201554158	0.00956755410556687	-0.00183376563071695	0.000135574217248782	0.0743401958858856
metS.Rv1007c	0.000135444621870574	0.00177004207291919	-0.00413046313061789	0.000137240532312676	0.0772237588131093
metE.Rv1133c	0.000144025078780089	0.0452479899661952	-0.000918291762881018	0.000142235660643832	0.0858678425068506
rpsM.Rv3460c	0.00014014387896257	2.49562066687894e-05	-0.00529108932288493	0.000143085386751946	0.0873382959383432
hsdM.Rv2756c	0.00014298371689878	0.000904917289046827	-0.00393811632084361	0.000144429953682037	0.089665072810732
adoK.Rv2202c	0.000145248936556408	0.00233963982003229	-0.00300606909713961	0.000145659163792453	0.0917922243806623
Rv1339.Rv1339	0.000170495967573482	0.0252299395459709	-0.00378807336128357	0.000171253819221234	0.136083847932937
mdh.Rv1240	0.000215181888834779	9.38461001743234e-06	-0.00240269010777268	0.000213605938807349	0.209374310567558
guaB2.Rv3411c	0.000215336986017851	0.00614482703192288	-0.0026236151595826	0.000213993307036901	0.210044652383535
dapF.Rv2726c	0.000218649591472661	0.000692341583119575	-0.00185062369452292	0.000216419148574679	0.214242578020304
otsA.Rv3490	0.000218466178476834	0.00107473604829695	-0.00404395864542713	0.000218574822401541	0.217972977669814
gpsI.Rv2783c	0.000230807111164249	9.5931264245105e-05	-0.00171366287734298	0.000228197235030764	0.234624589918476
dfrA.Rv2763c	0.000235927055336004	0.00187150159310316	0.00227695971894113	0.000228969409671961	0.2359608403173
purL.Rv0803	0.00025094018580199	0.000236985124541068	-0.00260542708554194	0.000248893069564358	0.270438790067126
accA2.Rv0973c	0.000266096354207702	9.98354770090533e-07	-0.00358164151434894	0.000264797549163207	0.297961536960405
otsB1.Rv2006	0.000275584811984728	0.000485050752795143	-0.00177155820626344	0.000272176239404087	0.310730381275082
acn.Rv1475c	0.00027846004155072	1.85486607638497e-06	-0.00238195540808618	0.000275646203818538	0.316735164500715
gatA.Rv3011c	0.000279807842010622	0.000328679350140569	-0.00225033026651148	0.000276827947588019	0.318780175433515
Rv0525.Rv0525	0.000281208258576901	0.000180791386193891	-0.00178881916439383	0.000277710018943631	0.320306602407213
gltB.Rv3859c	0.000292411934765589	3.24799800562346e-05	-0.00130475053767468	0.000288182972597829	0.338430078303301
Rv1783.Rv1783	0.000302265337340009	4.09649883417153e-05	-0.00420881692285421	0.000300939436616464	0.360505175338448
wbbl2.Rv1525	0.000305200468538558	2.09189525675728e-05	-0.00223873673026187	0.000301720342077437	0.36185653444557
hemA.Rv0509	0.000309560166954747	1.12259853283395e-06	-0.00157863046726003	0.0003052933633254	0.368039657812845
parB.Rv3917c	0.000308784714165497	7.04224003051776e-06	-0.00371130078505848	0.000306803774183782	0.37065342807183
lipU.Rv1076	0.000312842823068539	9.98678263097023e-06	-0.00293119023153337	0.000309953214549203	0.37610354352479
Rv3719.Rv3719	0.000321792063287916	8.41156674756736e-05	-0.00136019191476891	0.000317057636174392	0.388397765224905
atpG.Rv1309	0.000339121604068825	4.09649883417153e-05	-0.0020527955762903	0.000334791727949308	0.419086661159515
ccsX.Rv3673c	0.000341507131977728	1.1830332861141e-05	-0.00127077587322701	0.000336298690867531	0.42169446474831
ctaC.Rv2200c	0.000340488576896973	0.000345347310521353	-0.00387009761856985	0.000338067581989524	0.424755535833964
cysS1.Rv3580c	0.00035081683619967	6.59720007724405e-05	-0.00232398947438958	0.000346551030804459	0.439436167983187
Rv0338c.Rv0338c	0.000369854741092052	0.000667049198769822	-0.00295228296623088	0.000365892182275437	0.472906085263525
accD2.Rv0974c	0.000374738933911278	2.96329613135708e-06	-0.00257141082448943	0.000370276961627872	0.480493958324689
Rv0284.Rv0284	0.000376383990007088	8.19905036908185e-06	-0.00282248452741693	0.000372157764777238	0.483748693489984
def.Rv0429c	0.000387506536299963	2.06666438721908e-06	-0.00339256514759252	0.000383673653388248	0.503676971276261
ftsK.Rv2748c	0.000396892543506261	2.04464545326239e-05	-0.00159051788193004	0.000390960418657907	0.516286739168451
gap.Rv1436	0.000429863902390594	0.00136330256230504	-0.0028755301642806	0.000424666614719651	0.57461540671
gpm1.Rv0489	0.000432389939215365	3.24799800562346e-05	-0.00124946593976742	0.000425412609873729	0.575906353432382
rocA.Rv1187	0.000434135430145577	4.65405340248028e-07	-0.00174818411586066	0.000427655621225501	0.579787890915571
Rv0526.Rv0526	0.000441973125441282	0.000134107500084069	-0.0018887238238662	0.00043549237834072	0.593349421250829
glmU.Rv1018c	0.000448302907404898	2.09031419441778e-05	-0.00115514314868169	0.000440919391615713	0.602740883060426
desA2.Rv1094	0.000484073806682865	0.00208662241327344	0.00162752033446826	0.000473039892401806	0.658325500446147
cstA.Rv3063	0.000484032462637615	1.33602625498499e-06	-0.00170829257624416	0.000476551467982077	0.66440229191183
tyrS.Rv1689	0.000496834133281471	6.56458195638944e-06	-0.000876769119536852	0.000488221726979564	0.68459770808817
icd2.Rv0066c	0.000509798901850931	1.89633662308021e-07	-0.00187425997357259	0.000501999567781138	0.708440300532694
Rv0811.Rv0811	0.000516218277539619	4.92948977597137e-05	-0.00146069346499571	0.000507855218987127	0.718573521493248
hisI.Rv1606	0.000563047829948454	3.13094580268189e-06	-0.00124262511239592	0.000553552792580165	0.797653301741399
sucC.Rv0951	0.000576739657942551	2.9614140350148e-05	-0.00227578001029768	0.000568081699988497	0.8227956170715
mmpl3.Rv0206c	0.000590351033748319	0.000118805253216578	0.00169548778351923	0.000577202764181703	0.83857964443478
aroF.Rv2540c	0.000596062481997533	1.33602625498499e-06	0.00194608531841356	0.000582537626637668	0.847811638991621
trpG.Rv0013	0.000601289384563045	1.19843579112763e-06	-0.00117132202000812	0.000590983658051261	0.862427520222079
menE.Rv0542c	0.000621104807161267	9.16323006916486e-09	0.00129810183493147	0.000607788797952619	0.891508862314196
Rv0260c.Rv0260c	0.000641011040200295	0.000148135127913869	0.00730977151022689	0.000620911059088163	0.914216972293929
atpH.Rv1307	0.00063699940849977	6.98322916405423e-05	0.000667888196583891	0.000624049085070731	0.919647335125103
mycP3.Rv0291	0.000638145561238342	2.00718383816542e-05	-0.00110717526436792	0.000627063384234045	0.924863588345896
leuB.Rv2995c	0.000746108729631667	6.354275503319e-06	-0.0011858652754918	0.00073303597167548	1.10824945040124
gca.Rv0112	0.000763152018861775	1.19380542379838e-05	0.000105312781439493	0.000748376890887533	1.13479695445249
purM.Rv0809	0.000808039594575597	2.07617036383635e-06	-0.00104248423051748	0.000793624235914569	1.21309761289479
aceE.Rv2241	0.000820279136539917	0.000118805253216578	-0.0014371316169659	0.000806048849275958	1.23459844142974
pyrH.Rv2883c	0.00082681097694382	8.754540437928e-07	0.0024990105196458	0.000808263805646564	1.23843142968873
hemL.Rv0524	0.000845809955672885	6.77190880664431e-06	0.00176225193709074	0.000827682277430518	1.27203514998919
Rv0283.Rv0283	0.000851924116130657	4.89949740069135e-06	5.51803203309702e-05	0.000835496729616745	1.28555808158179
pcnA.Rv3907c	0.000937906200143852	4.37812211392806e-06	0.000332409659638215	0.000919531571883684	1.43098061361466
nusA.Rv2841c	0.000983545754923321	2.44038250305984e-07	0.0105268671590181	0.000953438699375673	1.48965699356409
leuA.Rv3710	0.00115436500607859	1.05944169225005e-07	0.00485896864940198	0.00112701131398458	1.79002489367642
mmpl2.Rv0507	0.00120054077637163	7.1338771475937e-06	0.0141046280763425	0.00116245467762297	1.85135973461874
aspB.Rv3565	0.00124741103115821	2.23410391959525e-07	0.00897958365526497	0.0012138817609602	1.94035444767134
fadD32.Rv3801c	0.00125082717949197	2.40002267105803e-07	0.00407318502003164	0.00122245682873035	1.95519362668148
Rv0289.Rv0289	0.00127488691373109	1.15523912800801e-07	0.00986159656082281	0.00123989052228586	1.98536268264845
fadD30.Rv0404	0.00137013467903076	4.65405340248028e-07	0.0109787220305466	0.00133211865808447	2.14496373229285
menD.Rv0555	0.00143593030140625	1.15523912800801e-07	0.00957003646518909	0.00139815013449617	2.2592313888341
atpB.Rv1304	0.00154075019342904	9.38461001743234e-06	0.00865104277318456	0.00150193463315098	2.43883075706045
menH.Rv0558	0.00177988120669265	7.02914646148241e-05	0.0252146734767228	0.00171883334399247	2.81417458914666
ilvC.Rv3001c	0.0024712209457345	3.24791844167455e-07	0.0211920508284656	0.00240117334913273	3.9949658963953
aspS.Rv2572c	0.0033927928727177	1.34379731861637e-07	0.0154780641112816	0.00331112296770639	5.56963628293542
desA1.Rv0824c	0.00350489599284639	5.93895703096365e-05	0.0469653704881448	0.00338754305489874	5.70188145979173
ino1.Rv0046c	0.00827342501324661	1.05270683348257e-07	0.0549741279631822	0.00805592282399083	13.7805258434612
fas.Rv2524c	0.00879922419198336	3.41783702545467e-07	0.0731913308989679	0.00855222094070063	14.63937113701
